test_auc_gae_one.txt
5.911053402766064391e-01
5.844081000168662721e-01
5.823001770956316436e-01

test_auc_gae_ten.txt
5.820756030187095309e-01
5.831990484435395361e-01
5.848322760561938116e-01

test_auc_gvae_one.txt
5.729531504750660087e-01
5.598577788553438239e-01
5.841267604149097403e-01

test_auc_gvae_ten.txt
5.800564699536032709e-01
5.779926903380248060e-01
5.800128334408268804e-01

test_aupr_gae_one.txt
5.717542186309316765e-01
5.698918582654968201e-01
5.618805740665242521e-01

test_aupr_gae_ten.txt
1.155679736558239135e-01
1.197492155289989341e-01
1.212520251059974602e-01

test_aupr_gvae_one.txt
5.579822152357361009e-01
5.497737984203234785e-01
5.781414961654288698e-01

test_aupr_gvae_ten.txt
1.158980754555417325e-01
1.175404739352059053e-01
1.229399090850018111e-01

